254 0 1 0 24.9210 0.0000
254 0 1 0 14.9000 0.0000
278 1 0 0 21.5030 0.2572
14 1 0 0 16.9150 0.3571
228 1 0 0 18.7280 0.3352
282 0 1 0 14.9720 0.0000
282 0 1 0 13.3050 0.0000
282 0 1 0 15.6940 0.0000
282 0 1 0 12.5770 0.0000
282 0 1 0 16.8940 0.0000
282 0 1 0 9.8510 0.0000
282 0 1 0 17.2090 0.0000
282 0 1 0 16.9220 0.0000
282 0 1 0 12.1760 0.0000
282 0 1 0 12.3130 0.0000
282 0 1 0 19.3530 0.0000
282 0 1 0 11.8650 0.0000
282 0 1 0 12.5590 0.0000
282 0 1 0 12.3590 0.0000
282 0 1 0 15.8170 0.0000
282 0 1 0 15.4910 0.0000
282 0 1 0 15.9860 0.0000
282 0 1 0 14.4180 0.0000
282 0 0 1 100.0650 0.0000
282 0 1 0 13.3570 0.0000
282 0 1 0 56.8110 0.0000
282 0 1 0 17.5570 0.0000
282 0 1 0 14.3910 0.0000
282 0 1 0 14.2400 0.0000
282 0 1 0 17.8560 0.0000
282 0 1 0 18.5220 0.0000
282 1 0 0 36.0820 0.1692
282 0 1 0 14.7200 0.0000
282 0 1 0 17.1700 0.0000
282 0 1 0 18.8840 0.0000
282 0 1 0 26.7220 0.0000
282 0 1 0 22.4640 0.0000
282 1 0 0 44.5970 0.1369
254 0 1 0 7.7870 0.0000
254 0 1 0 23.4750 0.0000
254 0 1 0 3.7330 0.0000
254 0 1 0 7.9400 0.0000
254 0 1 0 11.5900 0.0000
254 0 1 0 55.6410 0.0000
282 0 1 0 7.5040 0.0000
48 1 0 0 12.1520 0.4625
48 1 0 0 12.1810 0.4614
48 1 0 0 12.1150 0.4639
48 1 0 0 12.1880 0.4611
48 1 0 0 12.1340 0.4632
48 1 0 0 12.1730 0.4617
58 0 1 0 8.8530 0.0000
163 0 1 0 6.6420 0.0000
254 0 1 0 10.0040 0.0000
259 1 0 0 12.4930 0.4443
278 1 0 0 12.6540 0.4371
282 0 1 0 7.5100 0.0000
85 1 0 0 12.9680 0.4189
138 1 0 0 13.0500 0.5000
176 0 1 0 25.7290 0.0000
214 1 0 0 12.6980 0.4689
241 1 0 0 12.7240 0.4429
114 0 1 0 10.7230 0.0000
114 1 0 0 33.8380 0.1842
114 0 1 0 17.8420 0.0000
114 1 0 0 18.6780 0.3337
114 1 0 0 29.2710 0.2129
114 1 0 0 22.2150 0.2805
114 1 0 0 24.6640 0.2527
254 0 1 0 6.3580 0.0000
254 0 1 0 26.2530 0.0000
254 0 1 0 4.6100 0.0000
254 0 1 0 20.6340 0.0000
254 0 1 0 7.1490 0.0000
254 0 1 0 90.2860 0.0000
254 0 1 0 44.8830 0.0000
254 1 0 0 30.8400 0.1895
254 0 1 0 27.7960 0.0000
254 0 1 0 12.4020 0.0000
254 0 0 1 100.0350 0.0000
254 0 1 0 6.2180 0.0000
254 0 1 0 74.0270 0.0000
254 0 1 0 3.7490 0.0000
254 0 1 0 9.2270 0.0000
254 0 1 0 10.7080 0.0000
254 0 1 0 6.0030 0.0000
254 0 1 0 16.3810 0.0000
254 1 0 0 49.0860 0.1250
254 0 1 0 29.0570 0.0000
14 1 0 0 17.6630 0.3419
14 1 0 0 18.1860 0.3321
14 1 0 0 17.4090 0.3469
14 1 0 0 15.8320 0.3815
14 1 0 0 12.2440 0.4933
14 1 0 0 15.9670 0.3782
14 1 0 0 21.9920 0.2746
14 1 0 0 20.4730 0.2950
114 1 0 0 38.5720 0.1616
114 1 0 0 22.9010 0.2721
282 0 1 0 34.2180 0.0000
282 0 1 0 16.2730 0.0000
254 1 0 0 30.5160 0.1915
254 0 1 0 22.4920 0.0000
282 0 0 1 100.0120 0.0000
14 1 0 0 17.0400 0.3544
163 0 1 0 10.0910 0.0000
163 1 0 0 22.5800 0.2556
254 0 1 0 2.8490 0.0000
254 1 0 0 31.0740 0.1880
282 1 0 0 46.2880 0.1319
282 0 1 0 19.8450 0.0000
282 0 1 0 11.7430 0.0000
282 1 0 0 56.8370 0.1250
282 0 1 0 13.0410 0.0000
282 0 1 0 16.9320 0.0000
254 0 1 0 47.8320 0.0000
254 0 1 0 4.9130 0.0000
254 0 1 0 2.5600 0.0000
254 0 1 0 2.4560 0.0000
254 0 1 0 17.3710 0.0000
254 0 1 0 3.3290 0.0000
254 0 1 0 3.3210 0.0000
254 0 1 0 2.9730 0.0000
254 0 1 0 3.3170 0.0000
250 1 0 0 49.4260 0.1250
250 1 0 0 58.7050 0.1250
250 0 1 0 14.7010 0.0000
250 1 0 0 31.1520 0.1688
250 0 1 0 11.7860 0.0000
250 0 1 0 12.1060 0.0000
250 1 0 0 28.2360 0.1863
250 1 0 0 28.7470 0.1829
250 0 1 0 7.7010 0.0000
250 0 1 0 5.9090 0.0000
250 1 0 0 17.9180 0.2935
250 0 1 0 6.3670 0.0000
254 1 0 0 20.0850 0.2909
254 0 1 0 5.8340 0.0000
250 0 1 0 12.9560 0.0000
250 0 1 0 15.0250 0.0000
250 1 0 0 35.8950 0.1465
250 1 0 0 32.3000 0.1628
250 1 0 0 39.4760 0.1332
254 0 1 0 65.2620 0.0000
254 0 1 0 6.8600 0.0000
254 0 1 0 3.9640 0.0000
250 1 0 0 42.6680 0.1250
250 1 0 0 32.7610 0.1605
282 0 1 0 51.9200 0.0000
282 0 1 0 22.5700 0.0000
282 1 0 0 42.1040 0.1450
163 1 0 0 28.3750 0.2034
163 0 1 0 29.1290 0.0000
163 1 0 0 39.7840 0.1451
163 0 1 0 25.6680 0.0000
163 1 0 0 53.9370 0.1250
163 0 1 0 55.8910 0.0000
163 1 0 0 30.7260 0.1878
163 0 1 0 27.3460 0.0000
163 0 1 0 5.1260 0.0000
163 0 1 0 12.9050 0.0000
250 0 1 0 16.8640 0.0000
250 0 1 0 32.3850 0.0000
250 0 1 0 15.8550 0.0000
250 1 0 0 36.8940 0.1425
